receptor = P.pdbqt
exhaustiveness  = 8
center_x = 9.23070812699
center_y = -0.00270711193399
center_z = 21.6721356531
size_x = 11.1335467722
size_y = 10.3265628864
size_z = 11.4315636468