receptor = P.pdbqt
exhaustiveness  = 8
center_x = 19.0020597738
center_y = -17.8049092903
center_z = -26.6306952204
size_x = 9.03166724245
size_y = 11.388478521
size_z = 14.4293349298